7.441126681832813672e-01 4.083526935538835285e-03 9.813425491966241143e-01
7.492757917644469190e-01 4.083009523340739091e-03 9.813603718669517972e-01
7.544747403574133537e-01 4.082488433791326213e-03 9.813783606537110904e-01
7.597097625387231323e-01 4.081963641474045841e-03 9.813965170033908114e-01
7.649811086097179080e-01 4.081435120808244062e-03 9.814148423743502825e-01
7.702890306084880789e-01 4.080902846047211423e-03 9.814333382367387282e-01
7.756337823219049410e-01 4.080366791281425133e-03 9.814520060732453421e-01
7.810156192977920631e-01 4.079826930431349960e-03 9.814708473781812437e-01
7.864347988571188663e-01 4.079283237248846825e-03 9.814898636579374447e-01
7.918915801063167725e-01 4.078735685317756536e-03 9.815090564313151411e-01
7.973862239496416482e-01 4.078184248051626437e-03 9.815284272293960388e-01
8.029189931016873505e-01 4.077628898695850185e-03 9.815479775961241105e-01
8.084901520999276947e-01 4.077069610320159868e-03 9.815677090873379251e-01
8.140999673173445750e-01 4.076506355824707079e-03 9.815876232719855654e-01
8.197487069752035227e-01 4.075939107931727569e-03 9.816077217310271719e-01
8.254366411558593519e-01 4.075367839194949521e-03 9.816280060591849876e-01
8.311640418156477361e-01 4.074792521989431537e-03 9.816484778635535813e-01
8.369311827979299956e-01 4.074213128514169932e-03 9.816691387642612066e-01
8.427383398461586461e-01 4.073629630789863537e-03 9.816899903943545613e-01
8.485857906170751752e-01 4.073042000661304153e-03 9.817110344004249534e-01
8.544738146939584444e-01 4.072450209792859328e-03 9.817322724421294611e-01
8.604026936000330750e-01 4.071854229670551426e-03 9.817537061927702480e-01
8.663727108119099185e-01 4.071254031596472679e-03 9.817753373386428617e-01
8.723841517731186768e-01 4.070649586694212278e-03 9.817971675801570042e-01
8.784373039077970624e-01 4.070040865902041505e-03 9.818191986309886543e-01
8.845324566344133776e-01 4.069427839975864498e-03 9.818414322188032672e-01
8.906699013795827957e-01 4.068810479487008219e-03 9.818638700851511913e-01
8.968499315920431814e-01 4.068188754819855417e-03 9.818865139853364399e-01
9.030728427566586669e-01 4.067562636175200454e-03 9.819093656892088351e-01
9.093389324085607850e-01 4.066932093562264372e-03 9.819324269801306126e-01
9.156485001473458896e-01 4.066297096806081347e-03 9.819556996564187124e-01
9.220018476514433292e-01 4.065657615540163410e-03 9.819791855304175199e-01
9.283992786925185925e-01 4.065013619208544815e-03 9.820028864290826220e-01
9.348410991499733758e-01 4.064365077062863374e-03 9.820268041937650905e-01
9.413276170256171804e-01 4.063711958163839302e-03 9.820509406807065300e-01
9.478591424583705516e-01 4.063054231379520549e-03 9.820752977610129886e-01
9.544359877390702351e-01 4.062391865382288664e-03 9.820998773204288046e-01
9.610584673254476407e-01 4.061724828651342052e-03 9.821246812599958576e-01
9.677268978571323954e-01 4.061053089469796387e-03 9.821497114958444019e-01
9.744415981708079988e-01 4.060376615921648842e-03 9.821749699589622518e-01
9.812028893154239872e-01 4.059695375898252079e-03 9.822004585964998480e-01
9.880110945675946166e-01 4.059009337086026334e-03 9.822261793700481913e-01
9.948665394470315171e-01 4.058318466977041232e-03 9.822521342576077119e-01
1.001769551732082819e+00 4.057622732859457459e-03 9.822783252523064057e-01
1.008720461475454577e+00 4.056922101821259022e-03 9.823047543632661416e-01
1.015719601019966722e+00 4.056216540748500306e-03 9.823314236155821222e-01
1.022767305014419703e+00 4.055506016323343239e-03 9.823583350502683720e-01
1.029863910429641871e+00 4.054790495022538542e-03 9.823854907242786094e-01
1.037009756574571284e+00 4.054069943119705151e-03 9.824128927111377418e-01
1.044205185112493162e+00 4.053344326681715057e-03 9.824405431006227873e-01
1.051450540077343287e+00 4.052613611566027903e-03 9.824684439985981177e-01
1.058746167890207479e+00 4.051877763425798876e-03 9.824965975281069186e-01
1.066092417375860135e+00 4.051136747703049969e-03 9.825250058285346366e-01
1.073489639779415805e+00 4.050390529630415980e-03 9.825536710561569853e-01
1.080938188783176157e+00 4.049639074227569246e-03 9.825825953838303040e-01
1.088438420523513361e+00 4.048882346306465450e-03 9.826117810021072208e-01
1.095990693607872712e+00 4.048120310464450693e-03 9.826412301183895526e-01
1.103595369131970871e+00 4.047352931083902407e-03 9.826709449571402466e-01
1.111252810697025417e+00 4.046580172334322302e-03 9.827009277604884518e-01
1.118963384427158259e+00 4.045801998168760232e-03 9.827311807879229866e-01
1.126727458986864105e+00 4.045018372325986065e-03 9.827617063169108436e-01
1.134545405598691881e+00 4.044229258324416425e-03 9.827925066421850930e-01
1.142417598060968098e+00 4.043434619466258068e-03 9.828235840766860187e-01
1.150344412765638813e+00 4.042634418835217187e-03 9.828549409514598656e-01
1.158326228716324069e+00 4.041828619291988264e-03 9.828865796151987633e-01
1.166363427546409870e+00 4.041017183479033228e-03 9.829185024352866673e-01
1.174456393537267829e+00 4.040200073816747721e-03 9.829507117974473074e-01
1.182605513636684424e+00 4.039377252501504326e-03 9.829832101056996674e-01
1.190811177477324678e+00 4.038548681506957082e-03 9.830159997828409324e-01
1.199073777395381013e+00 4.037714322581722158e-03 9.830490832703404624e-01
1.207393708449292946e+00 4.036874137248592891e-03 9.830824630284836774e-01
1.215771368438693711e+00 4.036028086807071612e-03 9.831161415370570644e-01
1.224207157923402400e+00 4.035176132324543377e-03 9.831501212941845536e-01
1.232701480242545111e+00 4.034318234644095232e-03 9.831844048178688400e-01
1.241254741533898587e+00 4.033454354377554764e-03 9.832189946451341811e-01
1.249867350753281148e+00 4.032584451909118281e-03 9.832538933328857089e-01
1.258539719694073744e+00 4.031708487390772006e-03 9.832891034574372524e-01
1.267272263006971045e+00 4.030826420742940862e-03 9.833246276148891463e-01
1.276065398219764502e+00 4.029938211653441571e-03 9.833604684212277069e-01
1.284919545757329029e+00 4.029043819578284093e-03 9.833966285127283546e-01
1.293835128961680736e+00 4.028143203736711184e-03 9.834331105454180433e-01
1.302812574112281130e+00 4.027236323116094655e-03 9.834699171961440722e-01
1.311852310446388392e+00 4.026323136466230732e-03 9.835070511619155020e-01
1.320954770179548099e+00 4.025403602299216024e-03 9.835445151601529545e-01
1.330120388526321085e+00 4.024477678892085172e-03 9.835823119293884975e-01
1.339349603721063486e+00 4.023545324281641369e-03 9.836204442286934357e-01
1.348642857038844234e+00 4.022606496266389713e-03 9.836589148382610670e-01
1.358000592816610119e+00 4.021661152405116464e-03 9.836977265594456510e-01
1.367423258474388170e+00 4.020709250015692092e-03 9.837368822148350178e-01
1.376911304536698522e+00 4.019750746172863834e-03 9.837763846481587526e-01
1.386465184654051663e+00 4.018785597711364323e-03 9.838162367250607998e-01
1.396085355624705038e+00 4.017813761221325844e-03 9.838564413326206237e-01
1.405772277416471594e+00 4.016835193049514592e-03 9.838970013798199465e-01
1.415526413188677113e+00 4.015849849298151926e-03 9.839379197976152458e-01
1.425348229314372883e+00 4.014857685822728617e-03 9.839791995388463830e-01
1.435238195402601891e+00 4.013858658235580981e-03 9.840208435790853692e-01
1.445196784320815775e+00 4.012852721898151412e-03 9.840628549156339444e-01
1.455224472217554244e+00 4.011839831926601943e-03 9.841052365687057435e-01
1.465321738545164898e+00 4.010819943188925069e-03 9.841479915812141321e-01
1.475489066082749989e+00 4.009793010302375484e-03 9.841911230186146664e-01
1.485726940959202658e+00 4.008758987635847523e-03 9.842346339695521307e-01
1.496035852676520506e+00 4.007717829306299898e-03 9.842785275455373517e-01
1.506416294133176015e+00 4.006669489179871986e-03 9.843228068813862919e-01
1.516868761647645503e+00 4.005613920871883837e-03 9.843674751354772878e-01
1.527393754982212970e+00 4.004551077743656422e-03 9.844125354894878166e-01
1.537991777366829238e+00 4.003480912904393806e-03 9.844579911489560464e-01
1.548663335523134288e+00 4.002403379207765746e-03 9.845038453429757475e-01
1.559408939688761153e+00 4.001318429253882675e-03 9.845501013247722755e-01
1.570229103641680446e+00 4.000226015387740516e-03 9.845967623716987971e-01
1.581124344724792019e+00 3.999126089697803421e-03 9.846438317852544975e-01
1.592095183870608777e+00 3.998018604016806074e-03 9.846913128914630553e-01
1.603142145626241355e+00 3.996903509920393671e-03 9.847392090408992882e-01
1.614265758178439203e+00 3.995780758726483542e-03 9.847875236088284856e-01
1.625466553378805523e+00 3.994650301493551242e-03 9.848362599951688834e-01
1.636745066769305534e+00 3.993512089022531811e-03 9.848854216250476634e-01
1.648101837607833353e+00 3.992366071855122343e-03 9.849350119487632060e-01
1.659537408893953403e+00 3.991212200272468806e-03 9.849850344418068504e-01
1.671052327394946246e+00 3.990050424295868599e-03 9.850354926052187210e-01
1.682647143671893719e+00 3.988880693684903993e-03 9.850863899655144529e-01
1.694322412106033182e+00 3.987702957938064896e-03 9.851377300750228105e-01
1.706078690925206587e+00 3.986517166292757527e-03 9.851895165121181686e-01
1.717916542230635946e+00 3.985323267722937386e-03 9.852417528810624159e-01
1.729836532023755646e+00 3.984121210940097177e-03 9.852944428123956433e-01
1.741839230233233504e+00 3.982910944392349141e-03 9.853475899630086410e-01
1.753925210742305119e+00 3.981692416264678326e-03 9.854011980164123496e-01
1.766095051416169959e+00 3.980465574476494892e-03 9.854552706825535635e-01
1.778349334129578185e+00 3.979230366683839809e-03 9.855098116983975753e-01
1.790688644794737661e+00 3.977986740278108106e-03 9.855648248279376133e-01
1.803113573389271140e+00 3.976734642384772110e-03 9.856203138621967286e-01
1.815624713984452576e+00 3.975474019863758750e-03 9.856762826195025751e-01
1.828222664773554218e+00 3.974204819308985517e-03 9.857327349456205257e-01
1.840908028100534333e+00 3.972926987048697872e-03 9.857896747140177940e-01
1.853681410488795089e+00 3.971640469143713700e-03 9.858471058257770592e-01
1.866543422670135177e+00 3.970345211389415645e-03 9.859050322101267083e-01
1.879494679614041708e+00 3.969041159311854049e-03 9.859634578239971914e-01
1.892535800557048731e+00 3.967728258172100245e-03 9.860223866529365111e-01
1.905667409032298032e+00 3.966406452962203781e-03 9.860818227106340483e-01
1.918890132899444767e+00 3.965075688407168272e-03 9.861417700394385921e-01
1.932204604374614609e+00 3.963735908964003372e-03 9.862022327103878716e-01
1.945611460060664655e+00 3.962387058821344871e-03 9.862632148233309026e-01
1.959111340977556459e+00 3.961029081899526683e-03 9.863247205071182799e-01
1.972704892593101222e+00 3.959661921851581785e-03 9.863867539199477896e-01
1.986392764853772475e+00 3.958285522060576815e-03 9.864493192490961793e-01
2.000175612215735477e+00 3.956899825641508120e-03 9.865124207114021049e-01
2.014054093676232782e+00 3.955504775442304430e-03 9.865760625536029726e-01
2.028028872805048177e+00 3.954100314039748522e-03 9.866402490518189072e-01
2.042100617776180904e+00 3.952686383744659707e-03 9.867049845125733798e-01
2.056270001399893133e+00 3.951262926596877008e-03 9.867702732721166381e-01
2.070537701154812282e+00 3.949829884369621992e-03 9.868361196973025606e-01
2.084904399220358862e+00 3.948387198565910493e-03 9.869025281851396825e-01
2.099370782509291988e+00 3.946934810421895423e-03 9.869695031634906357e-01
2.113937542700658589e+00 3.945472660904761689e-03 9.870370490908640937e-01
2.128605376272809657e+00 3.944000690713152929e-03 9.871051704566194962e-01
2.143374984536652317e+00 3.942518840278391029e-03 9.871738717813016706e-01
2.158247073669282923e+00 3.941027049764208104e-03 9.872431576167244316e-01
2.173222354747701424e+00 3.939525259065249432e-03 9.873130325458427947e-01
2.188301543782755321e+00 3.938013407810418004e-03 9.873835011834275477e-01
2.203485361753480198e+00 3.936491435360664481e-03 9.874545681758117865e-01
2.218774534641503315e+00 3.934959280810737536e-03 9.875262382012905960e-01
2.234169793465787812e+00 3.933416882988015513e-03 9.875985159700293448e-01
2.249671874317513698e+00 3.931864180455556072e-03 9.876714062246719772e-01
2.265281518395381610e+00 3.930301111508419445e-03 9.877449137398200962e-01
2.280999472040996068e+00 3.928727614177708605e-03 9.878190433227979073e-01
2.296826486774496079e+00 3.927143626229237863e-03 9.878937998135097764e-01
2.312763319330597866e+00 3.925549085165488776e-03 9.879691880848493479e-01
2.328810731694720193e+00 3.923943928223000248e-03 9.880452130423320600e-01
2.344969491139362372e+00 3.922328092376942132e-03 9.881218796249284786e-01
2.361240370260900168e+00 3.920701514338383910e-03 9.881991928046683915e-01
2.377624147016453637e+00 3.919064130557098867e-03 9.882771575871657221e-01
2.394121604761118682e+00 3.917415877220509386e-03 9.883557790114918529e-01
2.410733532285345593e+00 3.915756690255479781e-03 9.884350621505179069e-01
2.427460723852769675e+00 3.914086505329218355e-03 9.885150121111059285e-01
2.444303979238128921e+00 3.912405257848479423e-03 9.885956340340050774e-01
2.461264103765444133e+00 3.910712882961932951e-03 9.886769330942730694e-01
2.478341908346641365e+00 3.909009315560735276e-03 9.887589145013929715e-01
2.495538209520267614e+00 3.907294490277522965e-03 9.888415834991144404e-01
2.512853829490468094e+00 3.905568341490594803e-03 9.889249453661617117e-01
2.530289596166420907e+00 3.903830803321908186e-03 9.890090054158969801e-01
2.547846343201840114e+00 3.902081809639342935e-03 9.890937689966909918e-01
2.565524910034876260e+00 3.900321294057331866e-03 9.891792414920150822e-01
2.583326141928170561e+00 3.898549189938290641e-03 9.892654283206578913e-01
2.601250890009391803e+00 3.896765430392973815e-03 9.893523349367567832e-01
2.619300011311870513e+00 3.894969948282637172e-03 9.894399668301262496e-01
2.637474368815511561e+00 3.893162676218862080e-03 9.895283295261797507e-01
2.655774831488184162e+00 3.891343546566091664e-03 9.896174285863098552e-01
2.674202274327205142e+00 3.889512491441450819e-03 9.897072696077958698e-01
2.692757578401109519e+00 3.887669442717099806e-03 9.897978582241314660e-01
2.711441630891908261e+00 3.885814332021974606e-03 9.898892001052467249e-01
2.730255325137419753e+00 3.883947090740863181e-03 9.899813009572648870e-01
2.749199560674025822e+00 3.882067650018332025e-03 9.900741665230761157e-01
2.768275243279592956e+00 3.880175940758782537e-03 9.901678025822435725e-01
2.787483285016913115e+00 3.878271893628900020e-03 9.902622149513128358e-01
2.806824604277248447e+00 3.876355439056967164e-03 9.903574094835742025e-01
2.826300125824167786e+00 3.874426507238088162e-03 9.904533920698228577e-01
2.845910780837904941e+00 3.872485028131973477e-03 9.905501686378471726e-01
2.865657506959809364e+00 3.870530931467764529e-03 9.906477451531043865e-01
2.885541248337108122e+00 3.868564146743061830e-03 9.907461276183971988e-01
2.905562955668188341e+00 3.866584603228178079e-03 9.908453220744385392e-01
2.925723586247960029e+00 3.864592229966436979e-03 9.909453345997257800e-01
2.946024104013673206e+00 3.862586955775252663e-03 9.910461713105427339e-01
2.966465479590910892e+00 3.860568709250800871e-03 9.911478383615616172e-01
2.987048690340142088e+00 3.858537418767409629e-03 9.912503419455396259e-01
3.007774720403380009e+00 3.856493012480052048e-03 9.913536882935281014e-01
3.028644560751163173e+00 3.854435418328061667e-03 9.914578836752845348e-01
3.049659209230083157e+00 3.852364564034608130e-03 9.915629343989516009e-01
3.070819670610422047e+00 3.850280377111254745e-03 9.916688468115897326e-01
3.092126956634116297e+00 3.848182784858704842e-03 9.917756272990506661e-01
3.113582086063282794e+00 3.846071714369383478e-03 9.918832822861545218e-01
3.135186084728829314e+00 3.843947092530185673e-03 9.919918182368833159e-01
3.156939985579549912e+00 3.841808846024592772e-03 9.921012416544565671e-01
3.178844828731414829e+00 3.839656901334659138e-03 9.922115590813698205e-01
3.200901661517449703e+00 3.837491184744738337e-03 9.923227770997290476e-01
3.223111538537741794e+00 3.835311622342478435e-03 9.924349023310948814e-01
3.245475521709779265e+00 3.833118140021902001e-03 9.925479414366777942e-01
3.267994680319383782e+00 3.830910663487693910e-03 9.926619011177331142e-01
3.290670091071757231e+00 3.828689118254697404e-03 9.927767881151127183e-01
3.313502838142881490e+00 3.826453429653881109e-03 9.928926092099219503e-01
3.336494013231517730e+00 3.824203522833586298e-03 9.930093712233543091e-01
3.359644715611295407e+00 3.821939322762047449e-03 9.931270810167289742e-01
3.382956052183324402e+00 3.819660754231669637e-03 9.932457454918210971e-01
3.406429137529013662e+00 3.817367741860800551e-03 9.933653715907436732e-01
3.430065093963521328e+00 3.815060210097599366e-03 9.934859662961865734e-01
3.453865051589338986e+00 3.812738083223397769e-03 9.936075366315481050e-01
3.477830148350239625e+00 3.810401285354235185e-03 9.937300896607361711e-01
3.501961530085851759e+00 3.808049740446565155e-03 9.938536324886874107e-01
3.526260350586362780e+00 3.805683372298584131e-03 9.939781722611058523e-01
3.550727771647600672e+00 3.803302104554847143e-03 9.941037161647595655e-01
3.575364963126751228e+00 3.800905860708523373e-03 9.942302714273584252e-01
3.600173102998179164e+00 3.798494564107061759e-03 9.943578453180061949e-01
3.625153377409810584e+00 3.796068137952842390e-03 9.944864451467679833e-01
3.650306980739725038e+00 3.793626505309333468e-03 9.946160782651793930e-01
3.675635115653439478e+00 3.791169589103951000e-03 9.947467520661730234e-01
3.701138993161325441e+00 3.788697312131343066e-03 9.948784739840588198e-01
3.726819832676418365e+00 3.786209597057929588e-03 9.950112514947078157e-01
3.752678862072901023e+00 3.783706366425292414e-03 9.951450921155277074e-01
3.778717317744725079e+00 3.781187542655330917e-03 9.952800034057249778e-01
3.804936444664629214e+00 3.778653048052720963e-03 9.954159929660802986e-01
3.831337496443854018e+00 3.776102804810585294e-03 9.955530684392777108e-01
3.857921735391954154e+00 3.773536735013144610e-03 9.956912375096793610e-01
3.884690432577218022e+00 3.770954760641475560e-03 9.958305079036390284e-01
3.911644867887311250e+00 3.768356803577260772e-03 9.959708873894371761e-01
3.938786330090666254e+00 3.765742785607211537e-03 9.961123837773295797e-01
3.966116116898002364e+00 3.763112628427387266e-03 9.962550049195535440e-01
3.993635535024281591e+00 3.760466253648492036e-03 9.963987587104886634e-01
4.021345900251373173e+00 3.757803582799554374e-03 9.965436530865249276e-01
4.049248537490874433e+00 3.755124537333605003e-03 9.966896960262581207e-01
4.077344780847356631e+00 3.752429038631859698e-03 9.968368955504062212e-01
4.105635973682351114e+00 3.749717008008688832e-03 9.969852597218512580e-01
4.134123468678444269e+00 3.746988366717530182e-03 9.971347966458279366e-01
4.162808627904023950e+00 3.744243035954129828e-03 9.972855144696219920e-01
4.191692822878267499e+00 3.741480936863494922e-03 9.974374213829069191e-01
4.220777434636918457e+00 3.738701990543841919e-03 9.975905256175368052e-01
4.250063853798221380e+00 3.735906118052484230e-03 9.977448354476581294e-01
4.279553480629301632e+00 3.733093240411450124e-03 9.979003591897568359e-01
4.309247725113328542e+00 3.730263278612133086e-03 9.980571052025208889e-01
4.339148007016825126e+00 3.727416153621213295e-03 9.982150818869054421e-01
4.369255755957443199e+00 3.724551786386608599e-03 9.983742976861815777e-01
4.399572411472532529e+00 3.721670097842776689e-03 9.985347610858608114e-01
4.430099423087827226e+00 3.718771008916595816e-03 9.986964806136954254e-01
4.460838250386821358e+00 3.715854440533483162e-03 9.988594648397053355e-01
4.491790363080411908e+00 3.712920313622487551e-03 9.990237223759993457e-01
4.522957241077388169e+00 3.709968549123683710e-03 9.991892618769965262e-01
4.554340374555080118e+00 3.706999067992700330e-03 9.993560920391070246e-01
4.585941264030498843e+00 3.704011791208568390e-03 9.995242216009881941e-01
4.617761420432302977e+00 3.701006639778765296e-03 9.996936593432864671e-01
4.649802365172926777e+00 3.697983534746112581e-03 9.998644140886830955e-01
4.682065630221211805e+00 3.694942397194943273e-03 1.000036494701789680e+00
4.714552758175878822e+00 3.691883148258334399e-03 1.000209910089221665e+00
4.747265302339139126e+00 3.688805709123467273e-03 1.000384669199306131e+00
4.780204826791030648e+00 3.685710001040099458e-03 1.000560781022336032e+00
4.813372906464048917e+00 3.682595945325541683e-03 1.000738254590165521e+00
4.846771127218686637e+00 3.679463463372682243e-03 1.000917098976345621e+00
4.880401085919134907e+00 3.676312476657186100e-03 1.001097323296080921e+00
4.914264390509520908e+00 3.673142906743183042e-03 1.001278936705892075e+00
4.948362660091018661e+00 3.669954675292035409e-03 1.001461948403821411e+00
4.982697524999154304e+00 3.666747704068608251e-03 1.001646367629158263e+00
5.017270626881625617e+00 3.663521914948926830e-03 1.001832203662392784e+00
5.052083618777042595e+00 3.660277229927486314e-03 1.002019465825094047e+00
5.087138165193798578e+00 3.657013571124927056e-03 1.002208163479822556e+00
5.122435942189742519e+00 3.653730860795581081e-03 1.002398306030004127e+00
5.157978637452142578e+00 3.650429021335157773e-03 1.002589902919799547e+00
5.193767950378632037e+00 3.647107975288210562e-03 1.002782963633923830e+00
5.229805592158342620e+00 3.643767645356896841e-03 1.002977497697667753e+00
5.266093285853584050e+00 3.640407954407735586e-03 1.003173514676533928e+00
5.302632766482491711e+00 3.637028825481055088e-03 1.003371024176348270e+00
5.339425781101852841e+00 3.633630181797966544e-03 1.003570035842889174e+00
5.376474088890505598e+00 3.630211946769058059e-03 1.003770559361806924e+00
5.413779461233714230e+00 3.626774044002864864e-03 1.003972604458489792e+00
5.451343681807732544e+00 3.623316397314322625e-03 1.004176180897894177e+00
5.489168546664954462e+00 3.619838930732803984e-03 1.004381298484274820e+00
5.527255864320050449e+00 3.616341568511366369e-03 1.004587967061123299e+00
5.565607455836264705e+00 3.612824235135021420e-03 1.004796196510893136e+00
5.604225154912576556e+00 3.609286855329719990e-03 1.005005996754840814e+00
5.643110807971183362e+00 3.605729354071217016e-03 1.005217377752811059e+00
5.682266274246069671e+00 3.602151656593875675e-03 1.005430349503001919e+00
5.721693425871755778e+00 3.598553688400320683e-03 1.005644922041851075e+00
5.761394147972675128e+00 3.594935375269747192e-03 1.005861105443648151e+00
5.801370338753584655e+00 3.591296643267758402e-03 1.006078909820421252e+00
5.841623909590137664e+00 3.587637418755826747e-03 1.006298345321712029e+00
5.882156785120368880e+00 3.583957628399898985e-03 1.006519422134178665e+00
5.922970903336518766e+00 3.580257199181285932e-03 1.006742150481591880e+00
5.964068215677990281e+00 3.576536058404641318e-03 1.006966540624274709e+00
6.005450687124502807e+00 3.572794133709273050e-03 1.007192602859130037e+00
6.047120296289901553e+00 3.569031353077691503e-03 1.007420347519129011e+00
6.089079035517048766e+00 3.565247644846445459e-03 1.007649784973210005e+00
6.131328910972941415e+00 3.561442937715310515e-03 1.007880925625836310e+00
6.173871942744480812e+00 3.557617160758082524e-03 1.008113779916832042e+00
6.216710164935355110e+00 3.553770243432046155e-03 1.008348358320948934e+00
6.259845625763151844e+00 3.549902115588832088e-03 1.008584671347666939e+00
6.303280387657129502e+00 3.546012707484283259e-03 1.008822729540777674e+00
6.347016527357138393e+00 3.542101949789089148e-03 1.009062543478100649e+00
6.391056136012709388e+00 3.538169773599749227e-03 1.009304123771225692e+00
6.435401319283141852e+00 3.534216110448093126e-03 1.009547481064964503e+00
6.480054197437974395e+00 3.530240892312990018e-03 1.009792626037183449e+00
6.525016905458665306e+00 3.526244051630612105e-03 1.010039569398351711e+00
6.570291593140529685e+00 3.522225521305495655e-03 1.010288321891202656e+00
6.615880425195357795e+00 3.518185234721280235e-03 1.010538894290312184e+00
6.661785581355236019e+00 3.514123125752188683e-03 1.010791297401802291e+00
6.708009256476556104e+00 3.510039128773243325e-03 1.011045542062766422e+00
6.754553660645068014e+00 3.505933178672597690e-03 1.011301639141083841e+00
6.801421019281320035e+00 3.501805210861974778e-03 1.011559599534837206e+00
6.848613573247402719e+00 3.497655161288415471e-03 1.011819434171969512e+00
6.896133578953926424e+00 3.493482966445668296e-03 1.012081154009838668e+00
6.943983308467728932e+00 3.489288563385288186e-03 1.012344770034688146e+00
6.992165049620855832e+00 3.485071889729177662e-03 1.012610293261383854e+00
7.040681106119774491e+00 3.480832883680200739e-03 1.012877734732745560e+00
7.089533797655351854e+00 3.476571484034659491e-03 1.013147105519208724e+00
7.138725460014107682e+00 3.472287630193973511e-03 1.013418416718324444e+00
7.188258445189720902e+00 3.467981262176162479e-03 1.013691679454182371e+00
7.238135121495316682e+00 3.463652320628598982e-03 1.013966904877058095e+00
7.288357873677045795e+00 3.459300746839270770e-03 1.014244104162756566e+00
7.338929103027877154e+00 3.454926482749511030e-03 1.014523288512205301e+00
7.389851227502521880e+00 3.450529470965841335e-03 1.014804469150859978e+00
7.441126681832813894e+00 3.446109654772388804e-03 1.015087657328187065e+00
7.492757917644468080e+00 3.441666978143154056e-03 1.015372864317112045e+00
7.544747403574134204e+00 3.437201385754576257e-03 1.015660101413485172e+00
7.597097625387231545e+00 3.432712822997599413e-03 1.015949379935431107e+00
7.649811086097177970e+00 3.428201235990872321e-03 1.016240711222906379e+00
7.702890306084817063e+00 3.423666571592584151e-03 1.016534106636954204e+00
7.756337823219049632e+00 3.419108777413586327e-03 1.016829577559198228e+00
7.810156192977919964e+00 3.414527801830311016e-03 1.017127135391263870e+00
7.864347988571188885e+00 3.409923593996778447e-03 1.017426791554012944e+00
7.918915801063167947e+00 3.405296103858385798e-03 1.017728557487095342e+00
7.973862239496416038e+00 3.400645282163910609e-03 1.018032444648125034e+00
8.029189931016873061e+00 3.395971080479226814e-03 1.018338464512187125e+00
8.084901520999276059e+00 3.391273451199849388e-03 1.018646628571077573e+00
8.140999673173444862e+00 3.386552347563881460e-03 1.018956948332602641e+00
8.197487069752035893e+00 3.381807723665709517e-03 1.019269435320018902e+00
8.254366411558592631e+00 3.377039534468384563e-03 1.019584101071177251e+00
8.311640418156477139e+00 3.372247735817456103e-03 1.019900957137937159e+00
8.369311827979299068e+00 3.367432284454004686e-03 1.020220015085413490e+00
8.427383398461586239e+00 3.362593138027657538e-03 1.020541286491186250e+00
8.485857906170751974e+00 3.357730255110379612e-03 1.020864782944653548e+00
8.544738146939582890e+00 3.352843595209367353e-03 1.021190516046178276e+00
8.604026936000330750e+00 3.347933118780792913e-03 1.021518497406399772e+00
8.663727108119099185e+00 3.342998787243053969e-03 1.021848738645416699e+00
8.723841517731186102e+00 3.338040562990406048e-03 1.022181251392025647e+00
8.784373039077969736e+00 3.333058409406285637e-03 1.022516047282896468e+00
8.845324566344062944e+00 3.328052290876854901e-03 1.022853137961757364e+00
8.906699013795828179e+00 3.323022172804561587e-03 1.023192535078575771e+00
8.968499315920432480e+00 3.317968021622002932e-03 1.023534250288776315e+00
9.030728427566586447e+00 3.312889804804845448e-03 1.023878295252264259e+00
9.093389324085610070e+00 3.307787490886132491e-03 1.024224681632703193e+00
9.156485001473459562e+00 3.302661049469519331e-03 1.024573421096556691e+00
9.220018476514432848e+00 3.297510451243244618e-03 1.024924525312283619e+00
9.283992786925185925e+00 3.292335667993180701e-03 1.025278005949310067e+00
9.348410991499733314e+00 3.287136672617292556e-03 1.025633874677282176e+00
9.413276170256171582e+00 3.281913439138638231e-03 1.025992143165016524e+00
9.478591424583706626e+00 3.276665942719423144e-03 1.026352823079640375e+00
9.544359877390702351e+00 3.271394159674579066e-03 1.026715926085621788e+00
9.610584673254475518e+00 3.266098067485260700e-03 1.027081463843785958e+00
9.677268978571323288e+00 3.260777644813045700e-03 1.027449448010447908e+00
9.744415981708078434e+00 3.255432871512769447e-03 1.027819890236261413e+00
9.812028893154240095e+00 3.250063728647175666e-03 1.028192802165425634e+00
9.880110945675946610e+00 3.244670198499671841e-03 1.028568195434501842e+00
9.948665394470316059e+00 3.239252264588498437e-03 1.028946081671503698e+00
1.001769551732082775e+01 3.233809911680104489e-03 1.029326472494809686e+00
1.008720461475454400e+01 3.228343125802822858e-03 1.029709379512147249e+00
1.015719601019958418e+01 3.222851894260512096e-03 1.030094814319544971e+00
1.022767305014419570e+01 3.217336205645992316e-03 1.030482788500245883e+00
1.029863910429642004e+01 3.211796049854451131e-03 1.030873313623594134e+00
1.037009756574571284e+01 3.206231418097335757e-03 1.031266401244041120e+00
1.044205185112493162e+01 3.200642302915170882e-03 1.031662062899899590e+00
1.051450540077343376e+01 3.195028698191680616e-03 1.032060310112371537e+00
1.058746167890207346e+01 3.189390599166396032e-03 1.032461154384266111e+00
1.066092417375860002e+01 3.183728002448707722e-03 1.032864607199008633e+00
1.073489639779415761e+01 3.178040906030642470e-03 1.033270680019370058e+00
1.080938188783176024e+01 3.172329309300119145e-03 1.033679384286318781e+00
1.088438420523513273e+01 3.166593213054420559e-03 1.034090731417898867e+00
1.095990693607872757e+01 3.160832619512974045e-03 1.034504732807960847e+00
1.103595369131970827e+01 3.155047532330494588e-03 1.034921399824985544e+00
1.111252810697025417e+01 3.149237956610032117e-03 1.035340743810876374e+00
1.118963384427158303e+01 3.143403898915900826e-03 1.035762776079730996e+00
1.126727458986863972e+01 3.137545367286156614e-03 1.036187507916514150e+00
1.134545405598692014e+01 3.131662371246017769e-03 1.036614950575954763e+00
1.142417598060968054e+01 3.125754921819776013e-03 1.037045115281102658e+00
1.150344412765638680e+01 3.119823031544112241e-03 1.037478013222197459e+00
1.158326228716323847e+01 3.113866714480029683e-03 1.037913655555259274e+00
1.166363427546400366e+01 3.107885986225520855e-03 1.038352053400828590e+00
1.174456393537267829e+01 3.101880863928107007e-03 1.038793217842696182e+00
1.182605513636684336e+01 3.095851366296522786e-03 1.039237159926444054e+00
1.190811177477324634e+01 3.089797513613345460e-03 1.039683890658225085e+00
1.199073777395381057e+01 3.083719327746803178e-03 1.040133421003351710e+00
1.207393708449292902e+01 3.077616832162697290e-03 1.040585761884923466e+00
1.215771368438693756e+01 3.071490051936205407e-03 1.041040924182459637e+00
1.224207157923402534e+01 3.065339013763453743e-03 1.041498918730474399e+00
1.232701480242544712e+01 3.059163745973389557e-03 1.041959756317135222e+00
1.241254741533898631e+01 3.052964278538792316e-03 1.042423447682760296e+00
1.249867350753281059e+01 3.046740643088045961e-03 1.042890003518489594e+00
1.258539719694073966e+01 3.040492872915892889e-03 1.043359434464739222e+00
1.267272263006970867e+01 3.034221002994779044e-03 1.043831751109830064e+00
1.276065398219764546e+01 3.027925069985449181e-03 1.044306963988444581e+00
1.284919545757329296e+01 3.021605112248045618e-03 1.044785083580231699e+00
1.293835128961680603e+01 3.015261169852608957e-03 1.045266120308284474e+00
1.302812574112281219e+01 3.008893284589232719e-03 1.045750084537583779e+00
1.311852310446388614e+01 3.002501499978897561e-03 1.046236986573601424e+00
1.320954770179548099e+01 2.996085861283170546e-03 1.046726836660668569e+00
1.330120388526321307e+01 2.989646415514443482e-03 1.047219644980515119e+00
1.339349603721052695e+01 2.983183211445435742e-03 1.047715421650641465e+00
1.348642857038844234e+01 2.976696299619402235e-03 1.048214176722900737e+00
1.358000592816610208e+01 2.970185732358902441e-03 1.048715920181757966e+00
1.367423258474388348e+01 2.963651563775671419e-03 1.049220661942862343e+00
1.376911304536698566e+01 2.957093849779289518e-03 1.049728411851350129e+00
1.386465184654051619e+01 2.950512648086449276e-03 1.050239179680320101e+00
1.396085355624705038e+01 2.943908018229493290e-03 1.050752975129192190e+00
1.405772277416471638e+01 2.937280021564767345e-03 1.051269807822040825e+00
1.415526413188677068e+01 2.930628721281484418e-03 1.051789687306079690e+00
1.425348229314372794e+01 2.923954182409183120e-03 1.052312623049879159e+00
1.435238195402601669e+01 2.917256471826218302e-03 1.052838624441842619e+00
1.445196784320815553e+01 2.910535658267192176e-03 1.053367700788471417e+00
1.455224472217554066e+01 2.903791812330319081e-03 1.053899861312679320e+00
1.465321738545164898e+01 2.897025006485120721e-03 1.054435115152202673e+00
1.475489066082750256e+01 2.890235315078982115e-03 1.054973471357796067e+00
1.485726940959202658e+01 2.883422814344483408e-03 1.055514938891646048e+00
1.496035852676520506e+01 2.876587582405440609e-03 1.056059526625543921e+00
1.506416294133176059e+01 2.869729699283814564e-03 1.056607243339294788e+00
1.516868761647645591e+01 2.862849246905383935e-03 1.057158097718874146e+00
1.527393754982212926e+01 2.855946309105971120e-03 1.057712098354794517e+00
1.537991777366816670e+01 2.849020971636802985e-03 1.058269253740285132e+00
1.548663335523134421e+01 2.842073322170128331e-03 1.058829572269602615e+00
1.559408939688761286e+01 2.835103450304165759e-03 1.059393062236217542e+00
1.570229103641680268e+01 2.828111447568029853e-03 1.059959731831075391e+00
1.581124344724792152e+01 2.821097407426447455e-03 1.060529589140840168e+00
1.592095183870608999e+01 2.814061425283992130e-03 1.061102642146075636e+00
1.603142145626241444e+01 2.807003598489213238e-03 1.061678898719484510e+00
1.614265758178439114e+01 2.799924026338491360e-03 1.062258366624115213e+00
1.625466553378805656e+01 2.792822810079362891e-03 1.062841053511497158e+00
1.636745066769305623e+01 2.785700052914186816e-03 1.063426966919952310e+00
1.648101837607833176e+01 2.778555860002638808e-03 1.064016114272648528e+00
1.659537408893953625e+01 2.771390338464879699e-03 1.064608502875890039e+00
1.671052327394946246e+01 2.764203597383546075e-03 1.065204139917202752e+00
1.682647143671893630e+01 2.756995747806101262e-03 1.065803032463549904e+00
1.694322412106033227e+01 2.749766902746603875e-03 1.066405187459487092e+00
1.706078690925206587e+01 2.742517177187299860e-03 1.067010611725325742e+00
1.717916542230635812e+01 2.735246688079602181e-03 1.067619311955241512e+00
1.729836532023755424e+01 2.727955554345308162e-03 1.068231294715488389e+00
1.741839230233233593e+01 2.720643896877047042e-03 1.068846566442493984e+00
1.753925210742304941e+01 2.713311838538584857e-03 1.069465133441015903e+00
1.766095051416169781e+01 2.705959504164772832e-03 1.070087001882258582e+00
1.778349334129578452e+01 2.698587020561411202e-03 1.070712177802046972e+00
1.790688644794737883e+01 2.691194516504367539e-03 1.071340667098911181e+00
1.803113573389271096e+01 2.683782122738751462e-03 1.071972475532238400e+00
1.815624713984452754e+01 2.676349971977519913e-03 1.072607608720374861e+00
1.828222664773554129e+01 2.668898198899980964e-03 1.073246072138765328e+00
1.840908028100534466e+01 2.661426940149739899e-03 1.073887871118064163e+00
1.853681410488795223e+01 2.653936334332511297e-03 1.074533010842265490e+00
1.866543422670135044e+01 2.646426522013407227e-03 1.075181496346783172e+00
1.879494679614041530e+01 2.638897645714083189e-03 1.075833332516608731e+00
1.892535800557048731e+01 2.631349849909379261e-03 1.076488524084396436e+00
1.905667409032298210e+01 2.623783281023737025e-03 1.077147075628577477e+00
1.918890132899444723e+01 2.616198087427233990e-03 1.077808991571493458e+00
1.932204604374614476e+01 2.608594419431255890e-03 1.078474276177491253e+00
1.945611460060664655e+01 2.600972429283766527e-03 1.079142933551024530e+00
1.959111340977556637e+01 2.593332271164525572e-03 1.079814967634815881e+00
1.972704892593101178e+01 2.585674101179456352e-03 1.080490382207915268e+00
1.986392764853772519e+01 2.577998077355157618e-03 1.081169180883867265e+00
2.000175612215734944e+01 2.570304359632719256e-03 1.081851367108785933e+00
2.014054093676232782e+01 2.562593109861351515e-03 1.082536944159506964e+00
2.028028872805048266e+01 2.554864491791645174e-03 1.083225915141709628e+00
2.042100617776181082e+01 2.547118671068421877e-03 1.083918282988024950e+00
2.056270001399893133e+01 2.539355815223259642e-03 1.084614050456189416e+00
2.070537701154812282e+01 2.531576093666612452e-03 1.085313220127152700e+00
2.084904399220358684e+01 2.523779677679707789e-03 1.086015794403250245e+00
2.099370782509292255e+01 2.515966740405963659e-03 1.086721775506324983e+00
2.113937542700658412e+01 2.508137456841945043e-03 1.087431165475860828e+00
2.128605376272809835e+01 2.500292003828282622e-03 1.088143966167180565e+00
2.143374984536652406e+01 2.492430560039887635e-03 1.088860179249554694e+00
2.158247073669283012e+01 2.484553305975992828e-03 1.089579806204398871e+00
2.173222354747701246e+01 2.476660423949833458e-03 1.090302848323450480e+00
2.188301543782754877e+01 2.468752098077863812e-03 1.091029306706918556e+00
2.203485361753480021e+01 2.460828514268618115e-03 1.091759182261678784e+00
2.218774534641503138e+01 2.452889860211420088e-03 1.092492475699499366e+00
2.234169793465787990e+01 2.444936325364343525e-03 1.093229187535186053e+00
2.249671874317514053e+01 2.436968100942283905e-03 1.093969318084851094e+00
2.265281518395381610e+01 2.428985379904162641e-03 1.094712867464080253e+00
2.280999472040996423e+01 2.420988356940250146e-03 1.095459835586217734e+00
2.296826486774496345e+01 2.412977228458743420e-03 1.096210222160544978e+00
2.312763319330597866e+01 2.404952192572223924e-03 1.096964026690580241e+00
2.328810731694720459e+01 2.396913449083649256e-03 1.097721248472316669e+00
2.344969491139362106e+01 2.388861199471966658e-03 1.098481886592470813e+00
2.361240370260900079e+01 2.380795646877527458e-03 1.099245939926822180e+00
2.377624147016453193e+01 2.372716996086945539e-03 1.100013407138467292e+00
2.394121604761118505e+01 2.364625453517634011e-03 1.100784286676118606e+00
2.410733532285345859e+01 2.356521227202241706e-03 1.101558576772472264e+00
2.427460723852769675e+01 2.348404526772272620e-03 1.102336275442483693e+00
2.444303979238128832e+01 2.340275563441841962e-03 1.103117380481773546e+00
2.461264103765444133e+01 2.332134549990717929e-03 1.103901889464934172e+00
2.478341908346641276e+01 2.323981700747222105e-03 1.104689799743950429e+00
2.495538209520267614e+01 2.315817231570726532e-03 1.105481108446583427e+00
2.512853829490468272e+01 2.307641359833785630e-03 1.106275812474760034e+00
2.530289596166420907e+01 2.299454304403912488e-03 1.107073908503013238e+00
2.547846343201839758e+01 2.291256285625111865e-03 1.107875392976927165e+00
2.565524910034876171e+01 2.283047525298963036e-03 1.108680262111587433e+00
2.583326141928170472e+01 2.274828246665461934e-03 1.109488511890056150e+00
2.601250890009391981e+01 2.266598674383463446e-03 1.110300138061881770e+00
2.619300011311870335e+01 2.258359034510803217e-03 1.111115136141593629e+00
2.637474368815511738e+01 2.250109554484196108e-03 1.111933501407248892e+00
2.655774831488184162e+01 2.241850463098641125e-03 1.112755228898981263e+00
2.674202274327205231e+01 2.233581990486617312e-03 1.113580313417566137e+00
2.692757578401109697e+01 2.225304368097019442e-03 1.114408749523028153e+00
2.711441630891908261e+01 2.217017828673614917e-03 1.115240531533247870e+00
2.730255325137419931e+01 2.208722606233308114e-03 1.116075653522591971e+00
2.749199560674025378e+01 2.200418936044102030e-03 1.116914109320587434e+00
2.768275243279592601e+01 2.192107054602765448e-03 1.117755892510596150e+00
2.787483285016913470e+01 2.183787199612029131e-03 1.118600996428500194e+00
2.806824604277248270e+01 2.175459609957779410e-03 1.119449414161463707e+00
2.826300125824167608e+01 2.167124525685763022e-03 1.120301138546661024e+00
2.845910780837905207e+01 2.158782187978004839e-03 1.121156162170056536e+00
2.865657506959809098e+01 2.150432839129047362e-03 1.122014477365216978e+00
2.885541248337107945e+01 2.142076722521896615e-03 1.122876076212134144e+00
2.905562955668188252e+01 2.133714082603543460e-03 1.123740950536067151e+00
2.925723586247959673e+01 2.125345164860420726e-03 1.124609091906434433e+00
2.946024104013672940e+01 2.116970215793501260e-03 1.125480491635729274e+00
2.966465479590910803e+01 2.108589482893143564e-03 1.126355140778432018e+00
2.987048690340142088e+01 2.100203214613657714e-03 1.127233030129995317e+00
3.007774720403380186e+01 2.091811660347676557e-03 1.128114150225827617e+00
3.028644560751163439e+01 2.083415070400269301e-03 1.128998491340307941e+00
3.049659209230082979e+01 2.075013695962757160e-03 1.129886043485843095e+00
3.070819670610421781e+01 2.066607789086378523e-03 1.130776796411951501e+00
3.092126956634116297e+01 2.058197602655732934e-03 1.131670739604370812e+00
3.113582086063282972e+01 2.049783390361872935e-03 1.132567862284201921e+00
3.135186084728829670e+01 2.041365406675339084e-03 1.133468153407085621e+00
3.156939985579550623e+01 2.032943906818867556e-03 1.134371601662405249e+00
3.178844828731414651e+01 2.024519146739996688e-03 1.135278195472528617e+00
3.200901661517450236e+01 2.016091383083322679e-03 1.136187922992073940e+00
3.223111538537742149e+01 2.007660873162716696e-03 1.137100772107226154e+00
3.245475521709779798e+01 1.999227874933333371e-03 1.138016730435079005e+00
3.267994680319383605e+01 1.990792646963257181e-03 1.138935785322987337e+00
3.290670091071756787e+01 1.982355448405238602e-03 1.139857923848011323e+00
3.313502838142881757e+01 1.973916538968085478e-03 1.140783132816329815e+00
3.336494013231518352e+01 1.965476178887922126e-03 1.141711398762746299e+00
3.359644715611295140e+01 1.957034628899306621e-03 1.142642707950186853e+00
3.382956052183325113e+01 1.948592150206208008e-03 1.143577046369272487e+00
3.406429137529013218e+01 1.940149004452857524e-03 1.144514399737899923e+00
3.430065093963521150e+01 1.931705453694367806e-03 1.145454753500882106e+00
3.453865051589339430e+01 1.923261760367307640e-03 1.146398092829608251e+00
3.477830148350240336e+01 1.914818187260149650e-03 1.147344402621748749e+00
3.501961530085851848e+01 1.906374997483556433e-03 1.148293667501022020e+00
3.526260350586362335e+01 1.897932454440569771e-03 1.149245871816966913e+00
3.550727771647600406e+01 1.889490821796701832e-03 1.150200999644753308e+00
3.575364963126750695e+01 1.881050363449957193e-03 1.151159034785096180e+00
3.600173102998179075e+01 1.872611343500668385e-03 1.152119960764115270e+00
3.625153377409810673e+01 1.864174026221363531e-03 1.153083760833321758e+00
3.650306980739724594e+01 1.855738676026490435e-03 1.154050417969582965e+00
3.675635115653439300e+01 1.847305557442086238e-03 1.155019914875191178e+00
3.701138993161325175e+01 1.838874935075328690e-03 1.155992233977907402e+00
3.726819832676418542e+01 1.830447073584173280e-03 1.156967357431103904e+00
3.752678862072901467e+01 1.822022237646772451e-03 1.157945267113931864e+00
3.778717317744725079e+01 1.813600691930910853e-03 1.158925944631507665e+00
3.804936444664629391e+01 1.805182701063521916e-03 1.159909371315194448e+00
3.831337496443853752e+01 1.796768529599966331e-03 1.160895528222888995e+00
3.857921735391954599e+01 1.788358441993437385e-03 1.161884396139361231e+00
3.884690432577217933e+01 1.779952702564319448e-03 1.162875955576660569e+00
3.911644867887311250e+01 1.771551575469525880e-03 1.163870186774529802e+00
3.938786330090665899e+01 1.763155324671818701e-03 1.164867069700911806e+00
3.966116116898002986e+01 1.754764213909157334e-03 1.165866584052464683e+00
3.993635535024281324e+01 1.746378506664112828e-03 1.166868709255146186e+00
4.021345900251372996e+01 1.737998466133145684e-03 1.167873424464826781e+00
4.049248537490874611e+01 1.729624355196102917e-03 1.168880708567985760e+00
4.077344780847356986e+01 1.721256436385649406e-03 1.169890540182411343e+00
4.105635973682350937e+01 1.712894971856686018e-03 1.170902897657974506e+00
4.134123468678477309e+01 1.704540223355970920e-03 1.171917759077470977e+00
4.162808627904023950e+01 1.696192452191673007e-03 1.172935102257457229e+00
4.191692822878267322e+01 1.687851919202975216e-03 1.173954904749180184e+00
4.220777434636918457e+01 1.679518884729891415e-03 1.174977143839567306e+00
4.250063853798221203e+01 1.671193608582982690e-03 1.176001796552216927e+00
4.279553480629301987e+01 1.662876350013313886e-03 1.177028839648481373e+00
4.309247725113328897e+01 1.654567367682358318e-03 1.178058249628588960e+00
4.339148007016824948e+01 1.646266919632103721e-03 1.179090002732813058e+00
4.369255755957443199e+01 1.637975263255269211e-03 1.180124074942699774e+00
4.399572411472532707e+01 1.629692655265496887e-03 1.181160441982331610e+00
4.430099423087827404e+01 1.621419351667843095e-03 1.182199079319670387e+00
4.460838250386822068e+01 1.613155607729279892e-03 1.183239962167938142e+00
4.491790363080411908e+01 1.604901677949379952e-03 1.184283065487032882e+00
4.522957241077387636e+01 1.596657816031066528e-03 1.185328363985027167e+00
4.554340374555079762e+01 1.588424274851615815e-03 1.186375832119714646e+00
4.585941264030499553e+01 1.580201306433734118e-03 1.187425444100174587e+00
4.617761420432303510e+01 1.571989161916811321e-03 1.188477173888450755e+00
4.649802365172926955e+01 1.563788091528340012e-03 1.189530995201233399e+00
4.682065630221211450e+01 1.555598344555543652e-03 1.190586881511611184e+00
4.714552758175879887e+01 1.547420169317076941e-03 1.191644806050880412e+00
4.747265302339178561e+01 1.539253813135046034e-03 1.192704741810424407e+00
4.780204826791030115e+01 1.531099522307140855e-03 1.193766661543603780e+00
4.813372906464049095e+01 1.522957542078928099e-03 1.194830537767743062e+00
4.846771127218686814e+01 1.514828116616429802e-03 1.195896342766151310e+00
4.880401085919135795e+01 1.506711488978878860e-03 1.196964048590218432e+00
4.914264390509520553e+01 1.498607901091670571e-03 1.198033627061521500e+00
4.948362660091019194e+01 1.490517593719539258e-03 1.199105049774050080e+00
4.982697524999154126e+01 1.482440806439959749e-03 1.200178288096432455e+00
5.017270626881625617e+01 1.474377777616822953e-03 1.201253313174237336e+00
5.052083618777042062e+01 1.466328744374276443e-03 1.202330095932350851e+00
5.087138165193798756e+01 1.458293942570835014e-03 1.203408607077361747e+00
5.122435942189743230e+01 1.450273606773782665e-03 1.204488817100063391e+00
5.157978637452141868e+01 1.442267970233787307e-03 1.205570696277949994e+00
5.193767950378632037e+01 1.434277264859738820e-03 1.206654214677816306e+00
5.229805592158342620e+01 1.426301721193921684e-03 1.207739342158392404e+00
5.266093285853583694e+01 1.418341568387441543e-03 1.208826048373026207e+00
5.302632766482491178e+01 1.410397034175854721e-03 1.209914302772443495e+00
5.339425781101852664e+01 1.402468344855166155e-03 1.211004074607553438e+00
5.376474088890505953e+01 1.394555725258085589e-03 1.212095332932295211e+00
5.413779461233713874e+01 1.386659398730519677e-03 1.213188046606573423e+00
5.451343681807732366e+01 1.378779587108420806e-03 1.214282184299225076e+00
5.489168546664954107e+01 1.370916510694920399e-03 1.215377714491034045e+00
5.527255864320049739e+01 1.363070388237719831e-03 1.216474605477837923e+00
5.565607455836264705e+01 1.355241436906849759e-03 1.217572825373659740e+00
5.604225154912575846e+01 1.347429872272674477e-03 1.218672342113897855e+00
5.643110807971184073e+01 1.339635908284291573e-03 1.219773123458579356e+00
5.682266274246070026e+01 1.331859757248155581e-03 1.220875136995678734e+00
5.721693425871755778e+01 1.324101629807084143e-03 1.221978350144472314e+00
5.761394147972674773e+01 1.316361734919600270e-03 1.223082730158948417e+00
5.801370338753584832e+01 1.308640279839545003e-03 1.224188244131303671e+00
5.841623909590138197e+01 1.300937470096056757e-03 1.225294858995443770e+00
5.882156785120369591e+01 1.293253509473906706e-03 1.226402541530593915e+00
5.922970903336519655e+01 1.285588599994151853e-03 1.227511258364906821e+00
5.964068215677990992e+01 1.277942941895112480e-03 1.228620975979190622e+00
6.005450687124503872e+01 1.270316733613718017e-03 1.229731660710632335e+00
6.047120296289902086e+01 1.262710171767220677e-03 1.230843278756595494e+00
6.089079035517048055e+01 1.255123451135203979e-03 1.231955796178496376e+00
6.131328910972941060e+01 1.247556764641998299e-03 1.233069178905705776e+00
6.173871942744480634e+01 1.240010303339438144e-03 1.234183392739490071e+00
6.216710164935354754e+01 1.232484256389963350e-03 1.235298403357066643e+00
6.259845625763151133e+01 1.224978811050077190e-03 1.236414176315639990e+00
6.303280387657129324e+01 1.217494152654242717e-03 1.237530677056539963e+00
6.347016527357138216e+01 1.210030464599012867e-03 1.238647870909391324e+00
6.391056136012709743e+01 1.202587928327643026e-03 1.239765723096337924e+00
6.435401319283143096e+01 1.195166723315024306e-03 1.240884198736331712e+00
6.480054197437974040e+01 1.187767027053022745e-03 1.242003262849446399e+00
6.525016905458664951e+01 1.180389015036122091e-03 1.243122880361276161e+00
6.570291593140530040e+01 1.173032860747509794e-03 1.244243016107358768e+00
6.615880425195356906e+01 1.165698735645531638e-03 1.245363634837647782e+00
6.661785581355235308e+01 1.158386809150487896e-03 1.246484701221073355e+00
6.708009256476556459e+01 1.151097248631832801e-03 1.247606179850097918e+00
6.754553660645068192e+01 1.143830219395748507e-03 1.248728035245358026e+00
6.801421019281319502e+01 1.136585884673151862e-03 1.249850231860351490e+00
6.848613573247402542e+01 1.129364405607957917e-03 1.250972734086155169e+00
6.896133578953926246e+01 1.122165941245853232e-03 1.252095506256212687e+00
6.943983308467728932e+01 1.114990648523422412e-03 1.253218512651153249e+00
6.992165049620855655e+01 1.107838682257583423e-03 1.254341717503662856e+00
7.040681106119774313e+01 1.100710195135510801e-03 1.255465085003416581e+00
7.089533797655352032e+01 1.093605337704906238e-03 1.256588579302024833e+00
7.138725460014106261e+01 1.086524258364601585e-03 1.257712164518056452e+00
7.188258445189720192e+01 1.079467103355626761e-03 1.258835804742094888e+00
7.238135121495317037e+01 1.072434016752645642e-03 1.259959464041830568e+00
7.288357873677045973e+01 1.065425140455725445e-03 1.261083106467221659e+00
7.338929103027876977e+01 1.058440614182547604e-03 1.262206696055667265e+00
7.389851227502522590e+01 1.051480575460977084e-03 1.263330196837249231e+00
7.441126681832813006e+01 1.044545159622056914e-03 1.264453572840000595e+00
7.492757917644468080e+01 1.037634499793297629e-03 1.265576788095225780e+00
7.544747403574133671e+01 1.030748726892443106e-03 1.266699806642859860e+00
7.597097625387232256e+01 1.023887969621600259e-03 1.267822592536860471e+00
7.649811086097177792e+01 1.017052354461688577e-03 1.268945109850655451e+00
7.702890306084817951e+01 1.010242005667339816e-03 1.270067322682608912e+00
7.756337823219048744e+01 1.003457045262159389e-03 1.271189195161557484e+00
7.810156192977920853e+01 9.966975930343715574e-04 1.272310691452340992e+00
7.864347988571188353e+01 9.899637665327935734e-04 1.273431775761412421e+00
7.918915801063167237e+01 9.832556810632567257e-04 1.274552412342465413e+00
7.973862239496416748e+01 9.765734496853866950e-04 1.275672565502092182e+00
8.029189931016874482e+01 9.699171832096997346e-04 1.276792199605492506e+00
8.084901520999277125e+01 9.632869901951361105e-04 1.277911279082206919e+00
8.140999673173445217e+01 9.566829769469704101e-04 1.279029768431884317e+00
8.197487069752035893e+01 9.501052475150072131e-04 1.280147632230086430e+00
8.254366411558594052e+01 9.435539036922336448e-04 1.281264835134129365e+00
8.311640418156477494e+01 9.370290450138212598e-04 1.282381341888940929e+00
8.369311827979299778e+01 9.305307687564215273e-04 1.283497117332966120e+00
8.427383398461584818e+01 9.240591699379116942e-04 1.284612126404095722e+00
8.485857906170751619e+01 9.176143413174454172e-04 1.285726334145625538e+00
8.544738146939583601e+01 9.111963733958990206e-04 1.286839705712232940e+00
8.604026936000330750e+01 9.048053544166121146e-04 1.287952206376006936e+00
8.663727108119100251e+01 8.984413703665340310e-04 1.289063801532481568e+00
8.723841517731186457e+01 8.921045049777329237e-04 1.290174456706705719e+00
8.784373039077969736e+01 8.857948397291649702e-04 1.291284137559334244e+00
8.845324566344062589e+01 8.795124538488828915e-04 1.292392809892750183e+00
8.906699013795827113e+01 8.732574243165340620e-04 1.293500439657207179e+00
8.968499315920432480e+01 8.670298258662365726e-04 1.294606992956987668e+00
9.030728427566587868e+01 8.608297309897197311e-04 1.295712436056593475e+00
9.093389324085609360e+01 8.546572099398725472e-04 1.296816735386956410e+00
9.156485001473458851e+01 8.485123307346145510e-04 1.297919857551661948e+00
9.220018476514434269e+01 8.423951591610197732e-04 1.299021769333192022e+00
9.283992786925185214e+01 8.363057587798535886e-04 1.300122437699202660e+00
9.348410991499733314e+01 8.302441909304137876e-04 1.301221829808798081e+00
9.413276170256172293e+01 8.242105147356148338e-04 1.302319913018826769e+00
9.478591424583706271e+01 8.182047871074828171e-04 1.303416654890209525e+00
9.544359877390702707e+01 8.122270627529268794e-04 1.304512023194249526e+00
9.610584673254476229e+01 8.062773941797830987e-04 1.305605985918997458e+00
9.677268978571323998e+01 8.003558317032107407e-04 1.306698511275589114e+00
9.744415981708078789e+01 7.944624234523677995e-04 1.307789567704629174e+00
9.812028893154239029e+01 7.885972153774026923e-04 1.308879123882549012e+00
9.880110945675946255e+01 7.827602512566973801e-04 1.309967148728018671e+00
9.948665394470316414e+01 7.769515727044361839e-04 1.311053611408324882e+00
1.001769551732082704e+02 7.711712191784879334e-04 1.312138481345787255e+00
1.008720461475454613e+02 7.654192279884813226e-04 1.313221728224164053e+00
1.015719601019958560e+02 7.596956343042524703e-04 1.314303321995073048e+00
1.022767305014419605e+02 7.540004711645146348e-04 1.315383232884414610e+00
1.029863910429642004e+02 7.483337694858394193e-04 1.316461431398791015e+00
1.037009756574571213e+02 7.426955580718454936e-04 1.317537888331944407e+00
1.044205185112493268e+02 7.370858636227070474e-04 1.318612574771184986e+00
1.051450540077343305e+02 7.315047107449226685e-04 1.319685462103815876e+00
1.058746167890207488e+02 7.259521219612793778e-04 1.320756522023572410e+00
1.066092417375859895e+02 7.204281177211349857e-04 1.321825726537049217e+00
1.073489639779415654e+02 7.149327164109415753e-04 1.322893047970126412e+00
1.080938188783175917e+02 7.094659343649546007e-04 1.323958458974394459e+00
1.088438420523513344e+02 7.040277858762454544e-04 1.325021932533572588e+00
1.095990693607872686e+02 6.986182832079474618e-04 1.326083441969921672e+00
1.103595369131970898e+02 6.932374366046764342e-04 1.327142960950656425e+00
1.111252810697025382e+02 6.878852543042409187e-04 1.328200463494340067e+00
1.118963384427158303e+02 6.825617425495429441e-04 1.329255923977276765e+00
1.126727458986864008e+02 6.772669056007319267e-04 1.330309317139890535e+00
1.134545405598692014e+02 6.720007457475112326e-04 1.331360618093097470e+00
1.142417598060967947e+02 6.667632633217180672e-04 1.332409802324666215e+00
1.150344412765638680e+02 6.615544567101048091e-04 1.333456845705557114e+00
1.158326228716323953e+02 6.563743223672650852e-04 1.334501724496255592e+00
1.166363427546400402e+02 6.512228548288321976e-04 1.335544415353091763e+00
1.174456393537267900e+02 6.461000467248220747e-04 1.336584895334537171e+00
1.182605513636684407e+02 6.410058887932092164e-04 1.337623141907480440e+00
1.190811177477324492e+02 6.359403698936291673e-04 1.338659132953502473e+00
1.199073777395381057e+02 6.309034770213168023e-04 1.339692846775118795e+00
1.207393708449292973e+02 6.258951953212146162e-04 1.340724262101989472e+00
1.215771368438693685e+02 6.209155081022154537e-04 1.341753358097141025e+00
1.224207157923402320e+02 6.159643968516138402e-04 1.342780114363135047e+00
1.232701480242544960e+02 6.110418412497305683e-04 1.343804510948221953e+00
1.241254741533898596e+02 6.061478191846394158e-04 1.344826528352477624e+00
1.249867350753281130e+02 6.012823067671094028e-04 1.345846147533906745e+00
1.258539719694073966e+02 5.964452783456939593e-04 1.346863349914516617e+00
1.267272263006970974e+02 5.916367065219181034e-04 1.347878117386373864e+00
1.276065398219764546e+02 5.868565621656670651e-04 1.348890432317620958e+00
1.284919545757329047e+02 5.821048144306784512e-04 1.349900277558466311e+00
1.293835128961680709e+02 5.773814307702059305e-04 1.350907636447141957e+00
1.302812574112281254e+02 5.726863769527591394e-04 1.351912492815840361e+00
1.311852310446388685e+02 5.680196170780132644e-04 1.352914830996594597e+00
1.320954770179548063e+02 5.633811135928528486e-04 1.353914635827145219e+00
1.330120388526321165e+02 5.587708273074732789e-04 1.354911892656764261e+00
1.339349603721052517e+02 5.541887174116632252e-04 1.355906587352044612e+00
1.348642857038844340e+02 5.496347414911512651e-04 1.356898706302642310e+00
1.358000592816610208e+02 5.451088555441024538e-04 1.357888236426991968e+00
1.367423258474388206e+02 5.406110139976588042e-04 1.358875165177982236e+00
1.376911304536698424e+02 5.361411697246275428e-04 1.359859480548587518e+00
1.386465184654051370e+02 5.316992740602576213e-04 1.360841171077446621e+00
1.396085355624705073e+02 5.272852768190677266e-04 1.361820225854424748e+00
1.405772277416471923e+02 5.228991263118010343e-04 1.362796634526110218e+00
1.415526413188676997e+02 5.185407693624642048e-04 1.363770387301271869e+00
1.425348229314372759e+02 5.142101513253958698e-04 1.364741474956277179e+00
1.435238195402601775e+02 5.099072161024573082e-04 1.365709888840458408e+00
1.445196784320815766e+02 5.056319061602955467e-04 1.366675620881430797e+00
1.455224472217554137e+02 5.013841625476183868e-04 1.367638663590365455e+00
1.465321738545164862e+02 4.971639249125925971e-04 1.368599010067213850e+00
1.475489066082749900e+02 4.929711315202623800e-04 1.369556654005875229e+00
1.485726940959202693e+02 4.888057192700580441e-04 1.370511589699319632e+00
1.496035852676520506e+02 4.846676237133000693e-04 1.371463812044656727e+00
1.506416294133176166e+02 4.805567790708016162e-04 1.372413316548155571e+00
1.516868761647645556e+02 4.764731182505054061e-04 1.373360099330193540e+00
1.527393754982213068e+02 4.724165728651253163e-04 1.374304157130178394e+00
1.537991777366816564e+02 4.683870732498674480e-04 1.375245487311393289e+00
1.548663335523134492e+02 4.643845484801523323e-04 1.376184087865789163e+00
1.559408939688761109e+02 4.604089263894003449e-04 1.377119957418723617e+00
1.570229103641680410e+02 4.564601335867889869e-04 1.378053095233642056e+00
1.581124344724792081e+02 4.525380954750785230e-04 1.378983501216699326e+00
1.592095183870609105e+02 4.486427362684498724e-04 1.379911175921308963e+00
1.603142145626241586e+02 4.447739790103223873e-04 1.380836120552659363e+00
1.614265758178439114e+02 4.409317455912175471e-04 1.381758336972140233e+00
1.625466553378805656e+02 4.371159567666315976e-04 1.382677827701717543e+00
1.636745066769305765e+02 4.333265321748762063e-04 1.383594595928256510e+00
1.648101837607833033e+02 4.295633903549522944e-04 1.384508645507760871e+00
1.659537408893953625e+02 4.258264487644273914e-04 1.385419980969558207e+00
1.671052327394946246e+02 4.221156237972660454e-04 1.386328607520426859e+00
1.682647143671893843e+02 4.184308308016919994e-04 1.387234531048639807e+00
1.694322412106033084e+02 4.147719840980146973e-04 1.388137758127955701e+00
1.706078690925206445e+02 4.111389969964680422e-04 1.389038296021538166e+00
1.717916542230635741e+02 4.075317818149813915e-04 1.389936152685806725e+00
1.729836532023755638e+02 4.039502498969722356e-04 1.390831336774217775e+00
1.741839230233233593e+02 4.003943116291146459e-04 1.391723857640980277e+00
1.753925210742305012e+02 3.968638764590354598e-04 1.392613725344695741e+00
1.766095051416155570e+02 3.933588529130303065e-04 1.393500950651936243e+00
1.778349334129578097e+02 3.898791486137126298e-04 1.394385545040739194e+00
1.790688644794737741e+02 3.864246702976592411e-04 1.395267520704042807e+00
1.803113573389271096e+02 3.829953238329645822e-04 1.396146890553039199e+00
1.815624713984452683e+02 3.795910142368018195e-04 1.397023668220466197e+00
1.828222664773554129e+02 3.762116456929270165e-04 1.397897868063806559e+00
1.840908028100534466e+02 3.728571215691088223e-04 1.398769505168442340e+00
1.853681410488794938e+02 3.695273444345348497e-04 1.399638595350702008e+00
1.866543422670135044e+02 3.662222160771734384e-04 1.400505155160857607e+00
1.879494679614041672e+02 3.629416375210368635e-04 1.401369201886037308e+00
1.892535800557048731e+02 3.596855090434251381e-04 1.402230753553061815e+00
1.905667409032297996e+02 3.564537301921082320e-04 1.403089828931202376e+00
1.918890132899444723e+02 3.532461998024085444e-04 1.403946447534870856e+00
1.932204604374614405e+02 3.500628160142580064e-04 1.404800629626224540e+00
1.945611460060664513e+02 3.469034762891629172e-04 1.405652396217698108e+00
1.959111340977556495e+02 3.437680774271200464e-04 1.406501769074453012e+00
1.972704892593100965e+02 3.406565155834223092e-04 1.407348770716755793e+00
1.986392764853772519e+02 3.375686862854249777e-04 1.408193424422275353e+00
2.000175612215735157e+02 3.345044844492312810e-04 1.409035754228295856e+00
2.014054093676232924e+02 3.314638043962646525e-04 1.409875784933857457e+00
2.028028872805031710e+02 3.284465398698006443e-04 1.410713542101821316e+00
2.042100617776181082e+02 3.254525840513872777e-04 1.411549052060844689e+00
2.056270001399892919e+02 3.224818295772026184e-04 1.412382341907277850e+00
2.070537701154829051e+02 3.195341685542882099e-04 1.413213439506998848e+00
2.084904399220358755e+02 3.166094925767383265e-04 1.414042373497134575e+00
2.099370782509292326e+02 3.137076927417531045e-04 1.414869173287739867e+00
2.113937542700658412e+02 3.108286596656288973e-04 1.415693869063367583e+00
2.128605376272809622e+02 3.079722834996357120e-04 1.416516491784573173e+00
2.143374984536652050e+02 3.051384539458162578e-04 1.417337073189327779e+00
2.158247073669282941e+02 3.023270602726520163e-04 1.418155645794366038e+00
2.173222354747701388e+02 2.995379913306582434e-04 1.418972242896437530e+00
2.188301543782755232e+02 2.967711355678749412e-04 1.419786898573482281e+00
2.203485361753479879e+02 2.940263810452262085e-04 1.420599647685735212e+00
2.218774534641503351e+02 2.913036154518030998e-04 1.421410525876734443e+00
2.234169793465787563e+02 2.886027261200214229e-04 1.422219569574259879e+00
2.249671874317513982e+02 2.859236000406881369e-04 1.423026815991183192e+00
2.265281518395381681e+02 2.832661238779255581e-04 1.423832303126244536e+00
2.280999472040996068e+02 2.806301839840141961e-04 1.424636069764749990e+00
2.296826486774496345e+02 2.780156664141151352e-04 1.425438155479166413e+00
2.312763319330597938e+02 2.754224569408581912e-04 1.426238600629673003e+00
2.328810731694701133e+02 2.728504410688383452e-04 1.427037446364600060e+00
2.344969491139362106e+02 2.702995040489782237e-04 1.427834734620804236e+00
2.361240370260900363e+02 2.677695308927908330e-04 1.428630508123957421e+00
2.377624147016472875e+02 2.652604063864862755e-04 1.429424810388757683e+00
2.394121604761118647e+02 2.627720151050061512e-04 1.430217685719062048e+00
2.410733532285345859e+02 2.603042414258872504e-04 1.431009179207937354e+00
2.427460723852769604e+02 2.578569695430360173e-04 1.431799336737630712e+00
2.444303979238129045e+02 2.554300834803613623e-04 1.432588204979468482e+00
2.461264103765443849e+02 2.530234671052984576e-04 1.433375831393663091e+00
2.478341908346641276e+02 2.506370041421771130e-04 1.434162264229056127e+00
2.495538209520267969e+02 2.482705781854892659e-04 1.434947552522773506e+00
2.512853829490468343e+02 2.459240727130276687e-04 1.435731746099804695e+00
2.530289596166420836e+02 2.435973710988702668e-04 1.436514895572509332e+00
2.547846343201839545e+02 2.412903566262624452e-04 1.437297052340040127e+00
2.565524910034876598e+02 2.390029125003515517e-04 1.438078268587693165e+00
2.583326141928170614e+02 2.367349218608070106e-04 1.438858597286178709e+00
2.601250890009391696e+02 2.344862677942808411e-04 1.439638092190823171e+00
2.619300011311870549e+02 2.322568333467584553e-04 1.440416807840684488e+00
2.637474368815511525e+02 2.300465015357793235e-04 1.441194799557604878e+00
2.655774831488184304e+02 2.278551553624938452e-04 1.441972123445177667e+00
2.674202274327183204e+02 2.256826778236174910e-04 1.442748836387646394e+00
2.692757578401109413e+02 2.235289519232322886e-04 1.443524996048735742e+00
2.711441630891908403e+02 2.213938606844654156e-04 1.444300660870390551e+00
2.730255325137442242e+02 2.192772871610076274e-04 1.445075890071467750e+00
2.749199560674025520e+02 2.171791144485304482e-04 1.445850743646333036e+00
2.768275243279592814e+02 2.150992256959302694e-04 1.446625282363407594e+00
2.787483285016913328e+02 2.130375041164596632e-04 1.447399567763618666e+00
2.806824604277248341e+02 2.109938329987116250e-04 1.448173662158812602e+00
2.826300125824167822e+02 2.089680957174740086e-04 1.448947628630059548e+00
2.845910780837904781e+02 2.069601757444269159e-04 1.449721531025928822e+00
2.865657506959809666e+02 2.049699566587202544e-04 1.450495433960665714e+00
2.885541248337107731e+02 2.029973221574136826e-04 1.451269402812312315e+00
2.905562955668188465e+02 2.010421560657568523e-04 1.452043503720769513e+00
2.925723586247959815e+02 1.991043423473531264e-04 1.452817803585773948e+00
2.946024104013673082e+02 1.971837651141715897e-04 1.453592370064827666e+00
2.966465479590910945e+02 1.952803086364332920e-04 1.454367271571049613e+00
2.987048690340141661e+02 1.933938573523348613e-04 1.455142577270972293e+00
3.007774720403380115e+02 1.915242958776551855e-04 1.455918357082272241e+00
3.028644560751163226e+02 1.896715090152207412e-04 1.456694681671431013e+00
3.049659209230083547e+02 1.878353817642139302e-04 1.457471622451347315e+00
3.070819670610396770e+02 1.860157993293627774e-04 1.458249251578876748e+00
3.092126956634116368e+02 1.842126471299811977e-04 1.459027641952321375e+00
3.113582086063282759e+02 1.824258108088797558e-04 1.459806867208844672e+00
3.135186084728854894e+02 1.806551762411179427e-04 1.460587001721847189e+00
3.156939985579550125e+02 1.789006295426484106e-04 1.461368120598270259e+00
3.178844828731414509e+02 1.771620570787906912e-04 1.462150299675847309e+00
3.200901661517449952e+02 1.754393454725922368e-04 1.462933615520302988e+00
3.223111538537742149e+02 1.737323816130369701e-04 1.463718145422487682e+00
3.245475521709779514e+02 1.720410526631306939e-04 1.464503967395464956e+00
3.267994680319383747e+02 1.703652460678282358e-04 1.465291160171547702e+00
3.290670091071756929e+02 1.687048495618423329e-04 1.466079803199275444e+00
3.313502838142881615e+02 1.670597511773165035e-04 1.466869976640339912e+00
3.336494013231517783e+02 1.654298392513437182e-04 1.467661761366468198e+00
3.359644715611295283e+02 1.638150024333698469e-04 1.468455238956247522e+00
3.382956052183324687e+02 1.622151296924494385e-04 1.469250491691902250e+00
3.406429137529013360e+02 1.606301103243801232e-04 1.470047602556026733e+00
3.430065093963521008e+02 1.590598339586823267e-04 1.470846655228273070e+00
3.453865051589339146e+02 1.575041905654634084e-04 1.471647734081985126e+00
3.477830148350240052e+02 1.559630704621476835e-04 1.472450924180787490e+00
3.501961530085851564e+02 1.544363643200592111e-04 1.473256311275146002e+00
3.526260350586334198e+02 1.529239631708888161e-04 1.474063981798862555e+00
3.550727771647600548e+02 1.514257584130209236e-04 1.474874022865547474e+00
3.575364963126750695e+02 1.499416418177388006e-04 1.475686522265034162e+00
3.600173102998208492e+02 1.484715055352810718e-04 1.476501568459767766e+00
3.625153377409810673e+02 1.470152421007955075e-04 1.477319250581148102e+00
3.650306980739724736e+02 1.455727444401370930e-04 1.478139658425832614e+00
3.675635115653439584e+02 1.441439058755573791e-04 1.478962882452006244e+00
3.701138993161325743e+02 1.427286201312568986e-04 1.479789013775615336e+00
3.726819832676417832e+02 1.413267813388202176e-04 1.480618144166561789e+00
3.752678862072901325e+02 1.399382840425083055e-04 1.481450366044868350e+00
3.778717317744724937e+02 1.385630232044415908e-04 1.482285772476810815e+00
3.804936444664629676e+02 1.372008942096583878e-04 1.483124457171012711e+00
3.831337496443854320e+02 1.358517928710338671e-04 1.483966514474512444e+00
3.857921735391954599e+02 1.345156154340948354e-04 1.484812039368809788e+00
3.884690432577217507e+02 1.331922585817005343e-04 1.485661127465863540e+00
3.911644867887311534e+02 1.318816194386133924e-04 1.486513875004077168e+00
3.938786330090665615e+02 1.305835955759332770e-04 1.487370378844256491e+00
3.966116116898002701e+02 1.292980850154262795e-04 1.488230736465535387e+00
3.993635535024281467e+02 1.280249862337355671e-04 1.489095045961277952e+00
4.021345900251372427e+02 1.267641981664597716e-04 1.489963406034963578e+00
4.049248537490874469e+02 1.255156202121295993e-04 1.490835915996043815e+00
4.077344780847356560e+02 1.242791522360678618e-04 1.491712675755777262e+00
4.105635973682350937e+02 1.230546945741208117e-04 1.492593785823048247e+00
4.134123468678477593e+02 1.218421480362899626e-04 1.493479347300161741e+00
4.162808627904024092e+02 1.206414139102500135e-04 1.494369461878622518e+00
4.191692822878267179e+02 1.194523939647422793e-04 1.495264231834900315e+00
4.220777434636918883e+02 1.182749904528704625e-04 1.496163760026169909e+00
4.250063853798221203e+02 1.171091061152791137e-04 1.497068149886045418e+00
4.279553480629301703e+02 1.159546441832304481e-04 1.497977505420292399e+00
4.309247725113328329e+02 1.148115083815591763e-04 1.498891931202534611e+00
4.339148007016824522e+02 1.136796029315335102e-04 1.499811532369946576e+00
4.369255755957443057e+02 1.125588325536086570e-04 1.500736414618925707e+00
4.399572411472533418e+02 1.114491024700646292e-04 1.501666684200773538e+00
4.430099423087827404e+02 1.103503184075521138e-04 1.502602447917349870e+00
4.460838250386822210e+02 1.092623865995281457e-04 1.503543813116728689e+00
4.491790363080412476e+02 1.081852137885975108e-04 1.504490887688843870e+00
4.522957241077388062e+02 1.071187072287399809e-04 1.505443780061133996e+00
4.554340374555079620e+02 1.060627746874497166e-04 1.506402599194174963e+00
4.585941264030499269e+02 1.050173244477754640e-04 1.507367454577312804e+00
4.617761420432303794e+02 1.039822653102519663e-04 1.508338456224296964e+00
4.649802365172926670e+02 1.029575065947460486e-04 1.509315714668907349e+00
4.682065630221212018e+02 1.019429581422066688e-04 1.510299340960578940e+00
4.714552758175879603e+02 1.009385303163097883e-04 1.511289446660033953e+00
4.747265302339177993e+02 9.994413400502082892e-05 1.512286143834911112e+00
4.780204826791029973e+02 9.895968062206476998e-05 1.513289545055392704e+00
4.813372906464048810e+02 9.798508210829392346e-05 1.514299763389844733e+00
4.846771127218686388e+02 9.702025093297799905e-05 1.515316912400454630e+00
4.880401085919135653e+02 9.606510009499778368e-05 1.516341106138877182e+00
4.914264390509521263e+02 9.511954312395779041e-05 1.517372459141876906e+00
4.948362660091019052e+02 9.418349408120085483e-05 1.518411086427001067e+00
4.982697524999153984e+02 9.325686756074704062e-05 1.519457103488232930e+00
5.017270626881625617e+02 9.233957869014813987e-05 1.520510626291672107e+00
5.052083618777041920e+02 9.143154313124836298e-05 1.521571771271220008e+00
5.087138165193799182e+02 9.053267708087401309e-05 1.522640655324275061e+00
5.122435942189742946e+02 8.964289727143524551e-05 1.523717395807443253e+00
5.157978637452142721e+02 8.876212097145380305e-05 1.524802110532249788e+00
5.193767950378631895e+02 8.789026598600181977e-05 1.525894917760890701e+00
5.229805592158342051e+02 8.702725065707092404e-05 1.526995936201965609e+00
5.266093285853584121e+02 8.617299386386619291e-05 1.528105285006249314e+00
5.302632766482491888e+02 8.532741502301331596e-05 1.529223083762474289e+00
5.339425781101853090e+02 8.449043408870183201e-05 1.530349452493129148e+00
5.376474088890505527e+02 8.366197155275392175e-05 1.531484511650267333e+00
5.413779461233714301e+02 8.284194844461225109e-05 1.532628382111354881e+00
5.451343681807733219e+02 8.203028633126533743e-05 1.533781185175118633e+00
5.489168546664953965e+02 8.122690731710265955e-05 1.534943042557417980e+00
5.527255864320050023e+02 8.043173404369194899e-05 1.536114076387153471e+00
5.565607455836264990e+02 7.964468968949840874e-05 1.537294409202178747e+00
5.604225154912576272e+02 7.886569796953082966e-05 1.538484163945247118e+00
5.643110807971183931e+02 7.809468313492787250e-05 1.539683463959973020e+00
5.682266274246069315e+02 7.733156997247046154e-05 1.540892432986831873e+00
5.721693425871754926e+02 7.657628380403828754e-05 1.542111195159172388e+00
5.761394147972674773e+02 7.582875048600453837e-05 1.543339874999257511e+00
5.801370338753584974e+02 7.508889640856045459e-05 1.544578597414343335e+00
5.841623909590138055e+02 7.435664849498861586e-05 1.545827487692768898e+00
5.882156785120369022e+02 7.363193420087167662e-05 1.547086671500089938e+00
5.922970903336519086e+02 7.291468151324805719e-05 1.548356274875227090e+00
5.964068215677990565e+02 7.220481894970162055e-05 1.549636424226660258e+00
6.005450687124503020e+02 7.150227555740329183e-05 1.550927246328643871e+00
6.047120296289900807e+02 7.080698091209720727e-05 1.552228868317447219e+00
6.089079035517048624e+02 7.011886511702540255e-05 1.553541417687646087e+00
6.131328910972941912e+02 6.943785880180723560e-05 1.554865022288431264e+00
6.173871942744480066e+02 6.876389312126638829e-05 1.556199810319948806e+00
6.216710164935354896e+02 6.809689975419994459e-05 1.557545910329692918e+00
6.259845625763151702e+02 6.743681090210477827e-05 1.558903451208915492e+00
6.303280387657129040e+02 6.678355928785473141e-05 1.560272562189068735e+00
6.347016527357138784e+02 6.613707815432332525e-05 1.561653372838308629e+00
6.391056136012708748e+02 6.549730126296692478e-05 1.563046013058004391e+00
6.435401319283142811e+02 6.486416289235775903e-05 1.564450613079309660e+00
6.480054197437973471e+02 6.423759783667621595e-05 1.565867303459746784e+00
6.525016905458664951e+02 6.361754140415215272e-05 1.567296215079860611e+00
6.570291593140528903e+02 6.300392941546958708e-05 1.568737479139883595e+00
6.615880425195357475e+02 6.239669820212972833e-05 1.570191227156449321e+00
6.661785581355235308e+02 6.179578460476619478e-05 1.571657590959357975e+00
6.708009256476557312e+02 6.120112597142766475e-05 1.573136702688363586e+00
6.754553660645067339e+02 6.061266015581688143e-05 1.574628694790014993e+00
6.801421019281319786e+02 6.003032551549590529e-05 1.576133700014527905e+00
6.848613573247403110e+02 5.945406091004722587e-05 1.577651851412716466e+00
6.896133578953927099e+02 5.888380569920454306e-05 1.579183282332949245e+00
6.943983308467728648e+02 5.831949974094846758e-05 1.580728126418154522e+00
6.992165049620855370e+02 5.776108338956142843e-05 1.582286517602875309e+00
7.040681106119774313e+02 5.720849749365506190e-05 1.583858590110361009e+00
7.089533797655352600e+02 5.666168339416522359e-05 1.585444478449701045e+00
7.138725460014106829e+02 5.612058292230884330e-05 1.587044317413015770e+00
7.188258445189720760e+02 5.558513839751599915e-05 1.588658242072682691e+00
7.238135121495316753e+02 5.505529262533195921e-05 1.590286387778602650e+00
7.288357873677045973e+02 5.453098889528410864e-05 1.591928890155532184e+00
7.338929103027876408e+02 5.401217097872699623e-05 1.593585885100442967e+00
7.389851227502523443e+02 5.349878312665618977e-05 1.595257508779938327e+00
7.441126681832813574e+02 5.299077006749897020e-05 1.596943897627706610e+00
